Ara.1.acs.nrfA.snp	Ara.1.araJ.snp	Ara.1.arcB.snp	Ara.1.aroA.ycaL.del.u	Ara.1.atoC.snp	Ara.1.atoS.snp	Ara.1.dhaM.snp	Ara.1.ebgR.snp	Ara.1.elaD.snp	Ara.1.glmU.atpC.ins.d	Ara.1.glpE.snp	Ara.1.gltB.del.d	Ara.1.gltI.snp	Ara.1.gyrB.snp	Ara.1.hsdM.snp	Ara.1.hslU.snp	Ara.1.hypF.snp	Ara.1.iclR.metH.snp	Ara.1.iclR.snp	Ara.1.iclR..2.snp	Ara.1.infB.snp	Ara.1.kup.insJ.5.ins.u	Ara.1.leuO.ilvI.snp	Ara.1.maeB.talA.snp	Ara.1.malT.snp	Ara.1.manB.cpsG.xst.1	Ara.1.mgrB.yobH.snp	Ara.1.mrdA.snp	Ara.1.mrdB.snp	Ara.1.mreB.snp	Ara.1.mutT.ins.u	Ara.1.nadR.snp	Ara.1.nadR..2.snp	Ara.1.nagC.snp	Ara.1.narI.ychS.snp	Ara.1.nirC.snp	Ara.1.nmpC.ECB_00513.xst.2	Ara.1.nrdE.del.u	Ara.1.nuoG.snp	Ara.1.nuoM.snp	Ara.1.ompF.asnS.snp	Ara.1.ompF.asnS..3.snp	Ara.1.pcnB.snp	Ara.1.pflC.del.d	Ara.1.pykF.snp	Ara.1.pykF..2.ins.u	Ara.1.pykF..3.ins.u	Ara.1.pykF..4.snp	Ara.1.rpsA.snp	Ara.1.rpsD.snp	Ara.1.rpsM.snp	Ara.1.rspA.ynfA.snp	Ara.1.spoT.snp	Ara.1.tdcR.yhaB.snp	Ara.1.topA.snp	Ara.1.topA..2.snp	Ara.1.uvrB.del.d	Ara.1.x.thiC.snp	Ara.1.yaaH.snp	Ara.1.ybaL.ins.d	Ara.1.ybjN.potF.snp	Ara.1.ycbX.ycbY.snp	Ara.1.ycgH.snp	Ara.1.yedW.yedX.snp	Ara.1.yegI.snp	Ara.1.yghJ.snp	Ara.1.yhdG.fis.snp	Ara.1.yijC.snp
0	1	0	0	0	0	0	0	0	0	NA	1	NA	NA	1	1	0	0	0	NA	1	1	0	1	1	0	NA	NA	0	NA	0	0	0	1	0	0	0	0	NA	0	0	0	0	1	NA	0	0	0	0	0	1	0	NA	0	1	1	0	0	0	1	0	0	0	1	1	1	1	0
0	1	0	0	0	0	0	0	1	0	0	1	0	0	1	1	0	0	0	0	1	1	0	1	1	0	0	1	0	0	0	0	0	1	0	0	1	0	0	0	0	0	0	1	0	0	0	0	0	0	1	0	1	0	1	1	0	0	0	1	0	0	0	1	1	1	1	0
0	1	0	0	0	0	0	0	0	0	NA	1	0	0	0	1	0	0	0	0	1	1	0	0	1	0	0	1	0	0	0	0	0	1	0	0	1	0	0	0	0	0	0	1	0	0	0	0	0	0	1	0	1	0	1	1	0	0	0	1	0	0	0	1	1	1	1	0
1	0	0	0	0	0	0	0	0	0	0	0	0	0	0	0	0	0	0	0	1	0	0	0	1	0	0	1	0	0	0	0	0	1	0	0	1	0	0	1	0	0	0	0	0	0	0	0	1	0	0	0	1	0	1	1	0	0	0	1	0	0	0	0	1	0	0	0
0	1	0	0	0	0	0	0	0	0	0	1	0	0	0	1	0	0	0	0	1	0	0	0	1	0	0	1	0	0	0	0	0	1	0	0	1	0	0	0	0	0	0	1	0	0	0	0	0	0	1	0	1	0	1	1	0	0	0	1	0	0	0	1	1	1	1	0
1	0	0	0	0	0	0	0	0	0	0	0	0	0	0	0	0	0	0	0	1	0	0	0	1	0	0	1	0	0	0	0	0	1	0	0	1	0	0	1	0	0	0	0	0	0	0	0	1	0	0	0	1	0	1	1	0	0	0	1	0	0	0	0	1	0	0	0
1	0	0	0	0	0	0	0	0	0	0	0	0	0	0	0	0	0	0	0	1	1	0	0	1	0	0	1	0	0	0	0	0	1	0	0	1	0	1	0	0	0	0	0	0	0	0	0	1	0	0	0	1	0	1	1	0	0	0	1	0	0	0	0	1	0	0	0
1	0	0	0	0	0	0	0	0	0	0	0	0	0	0	1	0	0	0	0	1	0	0	0	1	0	0	1	0	0	0	0	0	1	0	0	0	0	0	1	0	0	0	0	0	0	0	0	1	0	0	0	1	0	1	1	0	0	0	1	0	0	0	0	1	0	0	0
0	1	0	0	0	0	0	0	0	0	0	1	0	1	0	1	0	0	0	0	1	1	0	0	1	0	0	1	0	0	0	0	1	1	0	0	1	0	0	0	0	0	0	1	0	0	0	0	0	0	1	0	1	0	1	1	0	0	0	1	0	0	0	1	1	1	1	0
0	1	0	0	0	0	0	0	0	0	0	1	0	0	1	1	0	0	0	0	1	1	0	1	1	0	0	1	0	0	0	0	0	1	0	0	1	0	0	0	0	0	0	1	0	0	0	0	0	0	1	0	1	0	1	1	0	0	0	1	0	0	0	1	1	1	1	0
0	1	0	0	0	0	0	0	1	0	0	1	0	0	1	1	0	0	0	0	1	1	0	1	1	0	0	1	0	0	0	0	0	1	0	0	0	0	0	0	0	1	0	1	0	0	0	0	0	0	1	0	1	0	1	1	0	0	0	1	0	0	0	1	1	1	1	0
0	1	0	0	0	0	0	0	0	0	0	1	0	1	0	1	0	0	0	0	1	1	0	0	1	0	0	1	0	0	0	0	1	1	0	0	1	0	0	0	0	0	0	1	0	0	0	0	0	0	1	0	1	0	1	1	0	0	0	1	0	0	0	1	1	1	1	0
1	0	0	0	0	0	0	0	0	0	NA	0	0	0	0	1	0	0	0	0	1	0	0	0	1	0	0	1	0	NA	0	0	0	1	0	0	1	0	0	1	0	0	0	0	0	0	0	0	1	0	0	0	1	0	1	1	0	0	0	1	0	0	0	0	1	0	0	0
1	0	0	0	0	0	0	0	0	0	0	0	0	1	0	0	0	0	0	0	1	0	0	0	1	0	0	1	0	0	0	0	0	1	0	0	1	0	0	1	0	0	0	0	0	0	0	0	1	0	0	0	1	0	1	1	0	0	0	1	0	0	0	0	1	0	0	0
1	0	0	0	0	0	0	0	0	0	0	0	0	0	0	0	0	0	0	0	1	1	0	0	1	0	0	1	0	0	0	0	0	1	0	0	1	0	0	0	0	0	0	0	0	0	0	0	1	0	0	0	1	0	1	1	0	0	0	1	0	0	0	0	1	0	0	0
0	1	0	0	0	0	0	0	1	0	0	1	0	0	1	1	0	0	0	0	1	1	0	1	1	0	0	1	0	0	0	0	0	1	0	0	1	0	0	0	1	1	0	1	0	0	0	0	0	0	1	0	1	0	1	1	0	0	0	1	0	0	0	1	1	1	1	0
0	1	1	0	0	0	1	1	0	0	1	1	1	0	0	1	1	0	1	0	1	1	0	0	1	0	0	1	0	0	0	0	1	1	1	0	1	0	0	0	1	0	1	1	0	0	0	0	0	1	1	0	1	1	1	1	0	0	0	1	1	0	0	1	1	1	1	0
1	0	0	0	0	0	0	0	0	0	0	0	0	0	0	0	0	0	0	0	1	0	0	0	1	0	0	1	0	0	0	0	0	1	0	0	1	0	0	1	0	0	0	0	0	0	0	0	1	0	0	0	1	0	1	1	0	0	0	1	0	0	0	0	1	0	0	0
1	0	0	0	0	0	0	0	0	0	0	0	0	1	0	0	0	1	0	0	1	0	0	0	1	0	0	1	0	0	0	0	0	1	0	0	1	0	0	1	0	0	0	0	0	0	0	0	1	0	0	0	1	0	1	1	0	0	0	1	0	0	0	0	1	0	0	0
0	1	0	0	0	0	0	0	0	0	0	1	0	1	0	1	0	0	0	0	1	1	0	0	1	0	0	1	0	0	0	0	1	1	0	0	0	0	0	0	0	0	0	1	0	0	0	0	0	0	1	0	1	0	1	1	0	0	0	1	0	0	0	1	1	1	1	0
1	0	0	0	0	0	0	0	0	0	0	0	0	1	0	0	0	0	0	0	1	0	0	0	1	0	0	1	0	0	0	0	0	1	0	0	1	0	0	0	0	0	0	0	0	0	0	0	1	0	0	0	1	0	1	1	0	0	0	1	0	0	0	0	1	0	0	0
0	1	0	0	0	0	0	0	0	0	0	1	0	1	0	1	0	0	0	0	1	0	0	0	1	0	0	1	0	0	0	0	1	1	0	0	0	0	0	0	0	0	0	1	0	0	0	0	0	0	1	0	1	0	1	1	0	0	0	1	0	0	0	1	1	1	1	0
1	0	0	0	0	0	0	0	0	0	0	0	0	0	0	1	0	0	0	0	1	0	0	0	1	0	0	1	0	0	0	0	0	1	0	0	0	0	0	1	0	0	0	0	0	0	0	0	1	0	0	0	1	0	1	1	0	0	0	1	0	0	0	0	1	0	0	0
0	1	0	0	0	0	0	0	0	0	0	1	0	1	1	1	0	0	0	0	1	1	0	1	1	0	0	1	0	0	0	0	0	1	0	0	1	0	0	0	0	0	0	1	0	0	0	0	0	0	1	0	1	0	1	1	0	0	0	1	0	0	0	1	1	1	1	0
0	1	0	0	0	0	0	0	0	0	0	1	0	0	0	1	0	0	0	0	1	1	0	0	1	0	0	1	0	0	0	0	1	1	0	0	1	0	0	0	0	0	0	1	0	0	0	0	0	0	1	0	1	0	1	1	0	0	0	1	0	0	0	1	1	1	1	0
1	0	0	0	0	1	0	0	0	0	0	0	0	0	0	0	0	1	0	0	1	0	0	0	1	0	0	1	0	0	0	0	0	1	0	0	1	0	0	0	0	0	0	0	0	0	0	0	1	0	0	0	1	0	1	1	0	0	0	1	0	0	0	0	1	0	0	0
1	0	0	0	0	0	0	0	0	0	0	0	0	0	0	0	0	0	0	0	1	0	0	0	1	0	0	1	0	0	0	0	0	1	0	0	0	0	0	1	0	0	0	0	0	0	0	0	1	0	0	0	1	0	1	1	0	0	0	1	0	0	0	0	1	0	0	0
0	1	0	0	0	0	0	0	0	0	0	1	0	1	0	1	0	0	0	0	1	1	0	0	1	0	0	1	0	0	0	0	1	1	0	0	1	0	0	0	0	0	0	1	0	0	0	0	0	0	1	0	1	0	1	1	0	0	0	1	0	0	0	1	1	1	1	0
1	0	0	0	0	1	0	0	0	0	0	0	0	1	0	0	0	0	0	0	1	0	0	0	1	0	0	1	0	0	0	0	0	1	0	0	1	0	0	0	0	0	0	0	0	0	0	0	1	0	0	0	1	0	1	1	0	0	0	1	0	0	0	0	1	0	0	0
0	1	0	0	0	0	0	0	1	0	0	1	0	1	1	1	0	0	0	0	1	1	1	1	1	0	0	1	0	0	0	0	0	1	0	0	1	0	0	0	1	1	0	1	0	0	0	0	0	0	1	0	1	0	1	1	0	0	0	1	0	0	0	1	1	1	1	0
0	1	0	0	0	0	0	0	0	0	0	1	0	1	1	1	0	0	0	0	1	1	0	1	1	0	0	1	0	0	0	0	0	1	0	0	1	0	0	0	0	0	0	1	0	0	0	0	0	0	1	0	1	0	1	1	0	0	0	1	0	0	0	1	1	1	1	0
1	0	0	0	0	0	0	0	0	0	0	0	0	1	0	1	0	0	0	0	1	0	0	0	1	0	0	1	0	0	0	0	0	1	0	0	0	0	0	1	0	0	0	0	0	0	0	0	1	0	0	0	1	0	1	1	0	0	0	1	0	0	0	0	1	0	0	0
0	1	0	0	0	0	0	0	1	0	0	1	0	0	1	1	0	0	0	0	1	1	0	1	1	0	0	1	0	0	0	0	0	1	0	0	0	0	0	0	1	1	0	1	0	0	0	0	0	0	1	0	1	0	1	1	0	0	0	1	0	0	0	1	1	1	1	0
0	1	0	0	0	0	0	0	0	0	0	1	0	0	0	1	0	0	0	0	1	1	0	0	1	0	0	1	0	0	0	0	1	1	0	0	0	0	0	0	0	0	0	1	0	0	0	0	0	0	1	0	1	0	1	1	0	0	0	1	0	0	0	1	1	1	1	0
1	0	0	0	0	0	0	0	0	0	0	0	0	0	0	0	0	0	0	0	1	0	0	0	1	0	0	1	0	0	0	0	0	1	0	0	1	0	0	1	0	0	0	0	0	0	0	0	1	0	0	0	1	0	1	1	0	0	0	1	0	0	0	0	1	0	0	0
0	1	0	0	0	0	0	0	0	0	0	1	0	1	1	1	0	0	0	0	1	1	0	1	1	0	0	1	0	0	0	0	0	1	0	0	1	0	0	0	0	0	0	1	0	0	0	0	0	0	1	0	1	0	1	1	0	0	0	1	0	0	0	1	1	1	1	0
0	1	1	0	0	0	1	1	0	0	1	1	1	0	0	1	1	0	1	0	1	1	0	0	1	0	0	NA	0	0	0	0	1	1	1	0	1	0	0	0	1	0	1	1	0	0	0	0	0	1	1	0	1	1	1	1	0	0	0	1	1	0	0	1	1	1	1	0
1	0	0	0	0	0	0	0	0	0	0	0	0	1	0	0	0	1	0	0	1	0	0	0	1	0	0	1	0	0	0	0	0	1	0	0	0	0	0	1	0	0	0	0	0	0	0	0	1	0	0	0	1	0	1	1	0	0	0	1	0	0	0	0	1	0	0	0
0	1	0	0	0	0	0	0	1	0	0	1	0	1	1	1	0	0	0	0	1	1	0	1	1	0	0	1	0	0	0	0	0	1	0	0	1	0	0	0	0	0	0	1	0	0	0	0	0	0	1	0	1	0	1	1	0	0	0	1	0	0	0	1	1	1	1	0
0	1	0	0	0	0	0	0	0	0	0	1	0	1	1	1	0	0	0	0	1	0	0	1	1	0	0	1	0	0	0	0	0	1	0	0	1	0	0	0	0	0	0	1	0	0	0	0	0	0	1	0	1	0	1	1	0	0	0	1	0	0	0	1	1	1	1	0
0	1	0	0	0	0	0	0	0	0	0	1	0	1	0	1	0	0	0	0	1	1	0	0	1	0	0	1	0	0	0	0	1	1	0	0	1	0	0	0	0	0	0	1	0	0	0	0	0	0	1	0	1	0	1	1	0	0	0	1	0	0	0	1	1	1	1	0
0	1	0	0	0	0	0	0	1	0	0	1	0	0	1	1	0	0	0	0	1	1	1	1	1	0	0	1	0	0	0	0	0	1	0	0	0	0	0	0	1	1	0	1	0	0	0	0	0	0	1	0	1	0	1	1	0	0	0	1	0	0	0	1	1	1	1	0
0	1	0	0	0	0	0	0	0	0	0	1	0	1	1	1	0	0	0	0	1	1	0	1	1	0	0	1	0	0	0	0	0	1	0	0	1	0	0	0	0	0	0	1	0	0	0	0	0	0	1	0	1	0	1	1	0	0	0	1	0	0	0	1	1	1	1	0
0	1	0	0	0	0	0	0	0	0	0	1	0	1	1	1	0	0	0	0	1	1	0	1	1	0	0	1	0	0	0	0	0	1	0	0	1	0	0	0	0	0	0	1	0	0	0	0	0	0	1	0	1	0	1	1	0	0	0	1	0	0	0	1	1	1	1	0
1	0	0	0	0	0	0	0	0	0	0	0	0	1	0	0	0	0	0	0	1	0	0	0	1	0	0	1	0	0	0	0	0	1	0	0	0	0	0	1	0	0	0	0	0	0	0	0	1	0	0	0	1	0	1	1	0	0	0	1	0	0	0	0	1	0	0	0
1	0	0	0	0	0	0	0	0	0	0	0	0	1	0	0	0	0	0	0	1	0	0	0	1	0	0	1	0	0	0	0	0	1	0	0	0	0	0	1	0	0	0	0	0	0	0	0	1	0	0	0	1	0	1	1	0	0	0	1	0	0	0	0	1	0	0	0
1	0	0	0	0	0	0	0	0	0	0	0	0	1	0	0	0	0	0	0	1	1	0	0	1	0	0	1	0	0	0	0	0	1	0	0	0	0	0	1	0	0	0	0	0	0	0	0	1	0	0	0	1	0	1	1	0	0	0	1	0	0	0	0	1	0	0	0
1	0	0	0	0	0	0	0	0	0	0	0	0	0	0	0	0	0	0	0	1	1	0	0	1	0	0	1	0	0	0	0	0	1	0	0	1	0	0	1	0	0	0	0	0	0	0	0	1	0	0	0	1	0	1	1	0	0	0	1	0	0	0	0	1	0	0	0
0	1	0	0	0	0	0	0	0	0	0	1	0	0	0	1	0	0	0	0	1	1	0	0	1	0	0	1	0	0	0	0	1	1	0	0	1	0	0	0	0	0	0	1	0	0	0	0	0	0	1	0	1	0	1	1	0	0	0	1	0	0	0	1	1	1	1	0
1	0	0	0	0	0	0	0	0	0	0	0	0	1	0	0	0	1	0	0	1	1	0	0	1	0	0	1	0	0	0	0	0	1	0	0	0	0	0	0	0	0	0	0	0	0	0	0	1	0	0	0	1	0	1	1	0	0	0	1	0	0	0	0	1	0	0	0
0	0	0	0	0	0	0	0	0	0	0	0	0	1	0	0	0	0	0	0	0	0	0	0	0	0	0	0	0	0	0	0	0	0	0	0	0	0	0	0	0	0	0	0	0	0	0	0	0	0	0	0	0	0	0	0	0	0	0	0	0	0	0	0	0	0	0	0
1	0	0	0	0	0	0	0	0	0	0	0	0	0	0	1	0	0	0	0	1	0	0	0	1	0	0	1	0	0	0	0	0	1	0	0	0	0	0	1	0	0	0	0	0	0	0	0	1	0	0	0	1	0	1	1	0	0	0	1	0	0	0	0	1	0	0	0
0	1	0	0	0	0	0	0	0	0	0	1	0	1	1	1	0	0	0	0	1	1	0	1	1	0	0	1	0	0	0	0	0	1	0	0	1	0	0	0	0	0	0	1	0	0	0	0	0	0	1	0	1	0	1	1	0	0	0	1	0	0	0	1	1	1	1	0
0	1	0	0	0	0	0	0	0	0	0	1	0	1	1	1	0	0	0	0	1	1	0	1	1	0	0	1	0	0	0	0	0	1	0	0	1	0	0	0	0	0	0	1	0	0	0	0	0	0	1	0	1	0	1	1	0	0	0	1	0	0	0	1	1	1	1	0
0	1	0	0	0	0	0	0	1	0	0	1	0	0	1	1	0	0	0	0	1	1	1	1	1	0	0	1	0	0	0	0	0	1	0	0	1	0	0	0	0	1	0	1	0	0	0	0	0	0	1	0	1	0	1	1	0	0	0	1	0	0	0	1	1	1	1	0
0	1	0	0	0	0	0	0	0	0	0	1	0	1	0	1	0	0	0	0	1	1	0	0	1	0	0	1	0	0	0	0	1	1	0	0	1	0	0	0	0	0	0	1	0	0	0	0	0	0	1	0	1	0	1	1	0	0	0	1	0	0	0	1	1	1	1	0
0	1	0	0	0	0	0	0	0	0	0	1	0	1	0	1	0	0	0	0	1	0	0	0	1	0	0	1	0	0	0	0	1	1	0	0	0	0	0	0	0	0	0	1	0	0	0	0	0	0	1	0	1	0	1	1	0	0	0	1	0	0	0	1	1	1	1	0
0	1	0	0	0	0	0	0	1	0	0	1	0	0	1	1	0	0	0	0	1	1	1	1	1	0	0	1	0	0	0	0	0	1	0	0	0	0	0	0	1	1	0	1	0	0	0	0	0	0	1	0	1	0	1	1	0	0	0	1	0	0	0	1	1	1	1	0
0	1	0	0	0	0	0	0	0	0	0	1	0	1	0	1	0	0	0	0	1	1	0	0	1	0	0	1	0	0	0	0	1	1	0	0	1	0	0	0	0	0	0	1	0	0	0	0	0	0	1	0	1	0	1	1	0	0	0	1	0	0	0	1	1	1	1	0
0	1	0	0	0	0	0	0	0	0	0	1	0	1	1	1	0	0	0	0	1	1	0	1	1	0	0	1	0	0	0	0	0	1	0	0	0	0	0	0	0	0	0	1	0	0	0	0	0	0	1	0	1	0	1	1	0	0	0	1	0	0	0	1	1	1	1	0
0	0	0	0	0	0	0	0	0	0	NA	0	0	0	0	0	0	0	0	0	0	0	0	0	0	0	0	0	0	0	0	0	0	0	0	0	0	0	0	0	0	0	0	0	0	0	0	0	0	0	0	0	0	0	0	1	0	0	0	0	0	0	0	0	0	0	0	0
0	1	0	0	0	0	0	0	0	0	0	1	0	0	0	1	0	0	0	0	1	0	0	0	1	0	0	1	0	0	0	0	1	1	0	0	1	0	0	0	0	0	0	1	0	0	0	0	0	0	1	0	1	0	1	1	0	0	0	1	0	0	0	1	1	1	1	0
1	0	0	0	0	0	0	0	0	0	0	0	0	1	0	0	0	0	0	0	1	1	0	0	1	0	0	1	0	0	0	0	0	1	0	0	0	0	0	0	0	0	0	0	0	0	0	0	1	0	0	0	1	0	1	1	0	0	0	1	0	0	0	0	1	0	0	0
0	1	0	0	0	0	0	0	0	0	0	1	0	1	0	1	0	0	0	0	1	1	0	0	1	0	0	1	0	0	0	0	1	1	0	0	0	0	0	0	0	0	0	1	0	0	0	0	0	0	1	0	1	0	1	1	0	0	0	1	0	0	0	1	1	1	1	0
0	1	0	0	0	0	0	0	0	0	0	1	0	1	0	1	0	0	0	0	1	1	0	0	1	0	0	1	0	0	0	0	0	1	0	0	0	0	0	0	0	0	0	0	0	0	0	0	0	0	1	0	1	0	1	1	0	0	0	1	0	0	0	1	1	1	1	0
0	1	1	0	0	0	1	1	0	0	1	1	1	0	0	1	1	0	1	0	1	1	0	0	1	0	0	1	0	0	0	0	1	1	1	0	0	0	0	0	1	0	1	1	0	0	0	0	0	1	1	0	1	1	1	1	0	0	0	1	1	0	0	1	1	1	1	0
1	0	0	0	0	0	0	0	0	0	0	0	0	1	0	1	0	0	0	0	1	0	0	0	1	0	0	1	0	0	0	0	0	1	0	0	1	0	0	1	0	0	0	0	0	0	0	0	1	0	0	0	1	0	1	1	0	0	0	1	0	0	0	0	1	0	0	0
0	1	0	0	0	0	0	0	1	0	0	1	0	1	1	1	0	0	0	0	1	1	0	1	1	0	0	1	0	0	0	0	0	1	0	0	0	0	0	0	0	0	0	1	0	0	0	0	0	0	1	0	1	0	1	1	0	0	0	1	0	0	0	1	1	1	1	0
1	0	0	0	0	0	0	0	0	0	0	0	0	1	0	0	0	0	0	0	1	1	0	0	1	0	0	1	0	0	0	0	0	1	0	0	1	0	0	1	0	0	0	0	0	0	0	0	1	0	0	0	1	0	1	1	0	0	0	1	0	0	0	0	1	0	0	0
1	0	0	0	0	0	0	0	0	0	0	0	0	1	0	0	0	0	0	0	1	0	0	0	1	0	0	1	0	0	0	0	0	1	0	0	0	0	0	1	0	0	0	0	0	0	0	0	1	0	0	0	1	0	1	1	0	0	0	1	0	0	0	0	1	0	0	0
0	1	0	0	0	0	0	0	0	0	0	1	0	0	1	1	0	0	0	0	1	1	0	1	1	0	0	1	0	0	0	0	0	1	0	0	0	0	0	0	0	0	0	1	0	0	0	0	0	0	1	0	1	0	1	1	0	0	0	1	0	0	0	1	1	1	1	0
1	0	0	0	0	0	0	0	0	0	0	0	0	1	0	0	0	0	0	0	1	0	0	0	1	0	0	1	0	0	0	0	0	1	0	0	1	0	0	1	0	0	0	0	0	0	0	0	1	0	0	0	1	0	1	1	0	0	0	1	0	0	0	0	1	0	0	0
0	1	0	0	0	0	0	0	1	0	0	1	0	0	1	1	0	0	0	0	1	1	0	1	1	0	0	1	0	0	0	0	0	1	0	0	1	0	0	0	0	0	0	1	0	0	0	0	0	0	1	0	1	0	1	1	0	0	0	1	0	0	0	1	1	1	1	0
1	0	0	0	0	1	0	0	0	0	NA	0	0	0	0	1	0	0	0	0	1	0	0	0	1	0	0	1	0	0	0	0	0	1	0	0	0	0	0	0	0	0	0	0	0	0	0	0	1	0	0	0	1	0	1	1	0	0	0	1	0	0	0	0	1	0	0	0
0	1	0	0	0	0	0	0	0	0	0	1	0	1	1	1	0	0	0	0	1	1	0	1	1	0	0	1	0	0	0	0	0	1	0	0	0	0	0	0	0	0	0	1	0	0	0	0	0	0	1	0	1	0	1	1	0	0	0	1	0	0	0	1	1	1	1	0
1	0	0	0	0	0	0	0	0	0	0	0	0	0	0	1	0	0	0	0	1	1	0	0	1	0	0	1	0	0	0	0	0	1	0	0	1	0	1	0	0	0	0	0	0	0	0	0	1	0	0	0	1	0	1	1	0	0	0	1	0	0	0	0	1	0	0	0
1	0	0	0	0	1	0	0	0	0	0	0	0	1	0	0	0	0	0	0	1	0	0	0	1	0	0	1	0	0	0	0	0	1	0	0	0	0	0	0	0	0	0	0	0	0	0	0	1	0	0	0	1	0	1	1	0	0	0	1	0	0	0	0	1	0	0	0
1	0	0	0	0	0	0	0	0	0	0	0	0	1	0	0	0	0	0	0	1	0	0	0	1	0	0	1	0	0	0	0	0	1	0	0	1	0	0	0	0	0	0	0	0	0	0	0	1	0	0	0	1	0	1	1	0	0	0	1	0	0	0	0	1	0	0	0
1	0	0	0	0	0	0	0	0	0	0	0	0	1	0	0	0	0	0	0	1	1	0	0	1	0	0	1	0	0	0	0	0	1	0	0	1	0	0	0	0	0	0	0	0	0	0	0	1	0	0	0	1	0	1	1	0	0	0	1	0	0	0	0	1	0	0	0
0	1	0	0	0	0	0	0	1	0	0	1	0	0	1	1	0	0	0	0	1	1	0	1	1	0	0	1	0	0	0	0	0	1	0	0	1	0	0	0	0	1	0	1	0	0	0	0	0	0	1	0	1	0	1	1	0	0	0	1	0	0	0	1	1	1	1	0
0	1	0	0	0	0	0	0	0	0	0	1	0	0	1	1	0	0	0	0	1	1	0	1	1	0	0	1	0	0	0	0	0	1	0	0	0	0	0	0	0	1	0	1	0	0	0	0	0	0	1	0	1	0	1	1	0	0	0	1	0	0	0	1	1	1	1	0
0	1	0	0	0	0	0	0	1	0	0	1	0	0	1	1	0	0	0	0	1	1	0	1	1	0	0	1	0	0	0	0	0	1	0	0	1	0	0	0	1	1	0	1	0	0	0	0	0	0	1	0	1	0	1	1	0	0	0	1	0	0	0	1	1	1	1	0
0	1	0	0	0	0	0	0	0	0	0	1	0	1	1	1	0	0	0	0	1	0	0	1	1	0	0	1	0	0	0	0	0	1	0	0	0	0	0	0	0	0	0	1	0	0	0	0	0	0	1	0	1	0	1	1	0	0	0	1	0	0	0	1	1	1	1	0
0	1	0	0	0	0	0	0	0	0	0	1	0	1	0	1	0	0	0	0	1	1	0	0	1	0	0	1	0	0	0	0	1	1	0	0	1	0	0	0	0	0	0	1	0	0	0	0	0	0	1	0	1	0	1	1	0	0	0	1	0	0	0	1	1	1	1	0
1	0	0	0	0	0	0	0	0	0	0	0	0	0	0	1	0	0	0	0	1	0	0	0	1	0	NA	1	0	0	0	0	0	1	0	0	0	0	NA	0	0	0	0	0	NA	0	0	0	1	0	0	0	1	0	1	1	0	0	0	1	0	0	0	0	1	0	0	0
0	1	0	0	0	0	0	0	0	0	NA	1	0	0	0	1	0	0	0	NA	1	NA	0	0	1	0	0	NA	0	NA	0	0	1	1	NA	0	0	0	0	0	0	0	0	1	0	0	0	0	0	0	1	0	1	0	1	1	NA	0	0	1	0	0	0	1	1	1	1	0
1	0	0	0	0	0	0	0	0	0	NA	0	0	0	0	1	0	0	0	NA	1	0	0	0	1	0	0	1	0	0	0	0	0	1	0	0	NA	0	NA	1	0	0	0	0	0	0	0	0	1	0	0	0	1	0	1	1	0	0	0	1	0	0	0	0	1	0	0	0
0	1	0	0	0	0	0	0	0	0	0	1	0	0	0	1	0	0	0	NA	1	1	0	0	1	0	0	1	0	NA	0	0	1	1	0	0	0	0	0	0	0	0	0	1	0	0	0	0	0	0	1	0	1	0	1	1	0	0	0	1	0	0	0	1	1	1	1	0
0	1	0	0	0	0	0	0	0	0	0	1	0	1	1	1	0	0	0	0	1	0	0	1	1	0	0	NA	0	0	0	0	0	1	0	0	1	0	0	0	0	0	0	1	0	0	0	0	0	0	1	0	1	0	1	1	0	0	0	1	0	0	0	1	1	1	1	0
0	0	0	0	0	0	0	0	0	0	0	0	0	1	0	0	0	0	0	NA	0	0	0	0	0	0	0	0	0	0	0	0	0	0	0	0	0	0	0	0	0	0	0	0	0	0	0	0	0	0	0	0	0	0	0	1	0	0	0	0	0	0	0	0	0	0	0	0
1	0	0	0	0	0	0	0	0	0	0	0	0	1	0	0	0	0	0	0	1	0	0	0	1	0	0	1	0	0	0	0	0	1	0	0	0	0	0	1	0	0	0	0	0	0	0	0	1	0	0	0	1	0	1	1	0	0	0	1	0	0	0	0	1	0	0	0
0	1	0	0	0	0	0	0	1	0	0	1	0	0	1	1	0	0	0	0	1	1	0	1	1	0	0	1	0	0	0	0	0	1	0	0	0	0	0	0	1	1	0	1	0	0	0	0	0	0	1	0	1	0	1	1	0	0	0	1	0	0	0	1	1	1	1	0
1	0	0	0	0	1	0	0	0	0	0	0	0	1	0	0	0	0	0	0	1	0	0	0	1	0	0	1	0	0	0	0	0	1	0	0	1	0	0	0	0	0	0	0	0	0	0	0	1	0	0	0	1	0	1	1	0	0	0	1	0	0	0	0	1	0	0	0
0	1	0	0	0	0	0	0	1	0	0	1	0	0	1	1	0	0	0	0	1	1	0	1	1	0	0	1	0	0	0	0	0	1	0	0	1	0	0	0	1	1	0	1	0	0	0	0	0	0	1	0	1	0	1	1	0	0	0	1	0	0	0	1	1	1	1	0
1	0	0	0	0	0	0	0	0	0	0	0	0	1	0	1	0	0	0	0	1	0	0	0	1	0	0	1	0	0	0	0	0	1	0	0	0	0	0	0	0	0	0	0	0	0	0	0	1	0	0	0	1	0	1	1	0	0	0	1	0	0	0	0	1	0	0	0
1	0	0	0	0	0	0	0	0	0	0	0	0	1	0	0	0	0	0	0	1	0	0	0	1	0	0	1	0	0	0	0	0	1	0	0	1	0	0	0	0	0	0	0	0	0	0	0	1	0	0	0	1	0	1	1	0	0	0	1	0	0	0	0	1	0	0	0
